90.0717 
54.7396 
43.6544 
39.211 
35.943 
33.2739 
30.9255 
28.7873 
26.8157 
24.9875 
23.2881 
21.7067 
20.2344 
18.8635 
17.5868 
16.3978 
15.2905 
14.2593 
13.2988 
12.4044 
11.5713 
10.7955 
10.073 
9.40004 
8.77333 
8.18966 
7.64608 
7.13982 
6.66834 
6.22923 
5.82029 
5.43942 
5.08471 
4.75437 
4.44671 
4.16018 
3.89332 
3.6448 
3.41334 
3.19811 
3.00144 
2.81827 
2.65067 
2.49544 
2.35487 
2.22527 
2.10458 
1.99603 
1.89544 
1.80309 
1.71723 
1.64039 
1.56884 
1.50228 
1.4456 
1.39386 
1.35186 
1.31458 
1.28021 
1.24908 
1.22009 
1.19417 
1.17091 
1.14925 
1.12921 
1.11179 
1.0989 
1.08828 
1.08064 
1.07354 
1.06773 
1.06242 
1.05976 
1.05751 
1.05541 
1.05345 
1.05163 
1.05072 
1.05059 
1.05206 
1.05342 
1.0547 
1.05589 
1.05699 
1.05802 
1.05898 
1.05987 
1.0607 
1.06148 
1.0622 
1.06287 
1.0635 
1.06408 
1.06462 
1.06513 
1.0656 
1.06604 
1.06645 
1.06683 
1.06718 
